27 800

600
600
600
600
600
600
600
750
900
500
3500
2100
2700
450
400
400
400
400
400
750
750
750
750
750
550
550
550
550
800
800
900
750
750
750

22 050

6500
650
650
650
650
650
650
650
650
550
800
800
800
800
800
800
1000
1000
1000
1000
1000

10 400

1200
1500
1200
1300
1300
1200
1200
1500
31 900

1500
1500
1500
1500
1500
1600
1700
1600
1650
1800
1300
1600
1600
1950
1950
1950
1800
1500
2400


Всего:
92 150 р

Итоговая цена с учётом скидки за опт:
73 720 р
